[gd_scene load_steps=7 format=3 uid="uid://1qqdhqh4c8jl"]

[ext_resource type="Script" uid="uid://cyjmh2f8qcdg7" path="res://entities/ai_runner/ai_runner.gd" id="1_20ait"]
[ext_resource type="BehaviorTree" uid="uid://cyslk348qobi4" path="res://entities/ai_runner/trees/ai_runner.tres" id="2_3dmnx"]
[ext_resource type="PackedScene" uid="uid://rfj28u26q5g7" path="res://entities/ai_runner/art/Rogue_Hooded.glb" id="2_urf2w"]
[ext_resource type="AudioStream" uid="uid://2qgt43lomn87" path="res://entities/ai_runner/art/running-on-concrete.ogg" id="4_8u8v4"]

[sub_resource type="CapsuleShape3D" id="CapsuleShape3D_ts3nc"]
radius = 0.6
height = 2.4

[sub_resource type="BlackboardPlan" id="BlackboardPlan_3dmnx"]

[node name="AiRunner" type="CharacterBody3D" node_paths=PackedStringArray("bt_player")]
collision_layer = 2
collision_mask = 5
script = ExtResource("1_20ait")
bt_player = NodePath("BTPlayer")

[node name="Rogue_Hooded" parent="." instance=ExtResource("2_urf2w")]
transform = Transform3D(-0.8, 0, -1.20797e-07, 0, 0.95, 0, 1.20797e-07, 0, -0.8, 0, -0.920819, 0)

[node name="Skeleton3D" parent="Rogue_Hooded/Rig" index="0"]
bones/0/position = Vector3(0, 0.05, 0)
bones/1/position = Vector3(0, 0.437159, 0)
bones/1/rotation = Quaternion(0.0958458, -1.1866e-07, 1.14257e-08, 0.995396)
bones/2/rotation = Quaternion(0.112235, 0.130124, -0.010241, 0.985072)
bones/3/rotation = Quaternion(0.0421331, 0.00215415, 0.0110821, 0.999048)
bones/4/position = Vector3(0.212007, 0.124592, -0.0490813)
bones/4/rotation = Quaternion(-0.732164, -0.21321, -0.576029, 0.294394)
bones/5/rotation = Quaternion(4.28975e-08, -3.65698e-08, -0.58286, 0.812573)
bones/7/rotation = Quaternion(-0.134386, -0.307136, -0.198432, 0.920995)
bones/8/position = Vector3(-1.18374e-07, 0.0961251, -0.0575)
bones/8/rotation = Quaternion(-0.0545054, 0.0545054, -0.539162, 0.838667)
bones/10/position = Vector3(-0.186377, 0.11176, -0.0421581)
bones/10/rotation = Quaternion(-0.865306, 0.0859012, 0.317605, 0.378145)
bones/11/rotation = Quaternion(3.23054e-09, 4.50596e-08, 0.490639, 0.871363)
bones/13/rotation = Quaternion(-0.242865, 0.322953, 0.327572, 0.854058)
bones/14/position = Vector3(5.87698e-08, 0.0961251, -0.0575)
bones/14/rotation = Quaternion(-0.0545054, -0.0545054, 0.539162, 0.838667)
bones/19/rotation = Quaternion(-0.129495, -0.125238, 0.0076599, 0.98361)
bones/21/position = Vector3(0.170945, 0.113587, 0.1)
bones/21/rotation = Quaternion(0.919082, -1.63974e-08, 1.25448e-08, 0.394066)
bones/22/rotation = Quaternion(0.00196908, 6.90434e-08, -1.36753e-09, 0.999998)
bones/23/rotation = Quaternion(-0.496496, 5.71677e-09, -1.18343e-07, 0.868039)
bones/24/rotation = Quaternion(-3.04797e-08, 0.920355, -0.391084, 6.94848e-08)
bones/25/position = Vector3(-0.170945, 0.113587, -0.1)
bones/25/rotation = Quaternion(0.999888, 2.84919e-07, 2.34636e-08, 0.014978)
bones/26/rotation = Quaternion(0.624532, -5.39229e-08, 4.33719e-07, 0.781)
bones/27/rotation = Quaternion(-0.151757, 1.70182e-07, -2.3852e-07, 0.988418)
bones/28/rotation = Quaternion(3.04797e-08, 0.920355, -0.391084, -6.94849e-08)
bones/29/rotation = Quaternion(0.707107, -2.29302e-07, -4.60551e-08, 0.707107)
bones/30/position = Vector3(0.170945, 0.350856, 0.598769)
bones/30/rotation = Quaternion(-0.94525, -2.97621e-08, -9.707e-08, 0.326347)
bones/31/rotation = Quaternion(7.54953e-15, -1.38321e-22, 1, 4.44089e-16)
bones/32/position = Vector3(3.75294e-09, 0.213436, 0)
bones/32/rotation = Quaternion(-1.04035e-07, 0.391084, 0.920355, -2.95261e-08)
bones/33/position = Vector3(-6.31128e-09, 0.16565, -5.09137e-09)
bones/34/rotation = Quaternion(1, -1.33227e-15, 1.94707e-07, 0)
bones/36/rotation = Quaternion(0.707107, -3.82385e-08, 1.45009e-07, 0.707107)
bones/37/position = Vector3(-0.170945, 0.138444, -0.475788)
bones/37/rotation = Quaternion(0.200462, -1.03035e-07, 2.53118e-08, 0.979702)
bones/38/position = Vector3(1.94581e-08, 0.362833, 5.96046e-08)
bones/38/rotation = Quaternion(7.10544e-15, -1.38321e-22, 1, -2.22045e-16)
bones/39/position = Vector3(3.75294e-09, 0.213436, 2.14539e-08)
bones/39/rotation = Quaternion(-1.04035e-07, 0.391084, 0.920355, -2.95261e-08)
bones/40/position = Vector3(-6.31128e-09, 0.16565, 2.282e-08)
bones/41/rotation = Quaternion(1, 4.44087e-16, 1.94707e-07, 1.54616e-29)
bones/43/position = Vector3(0.453508, 0.906761, -0.688859)
bones/43/rotation = Quaternion(-0.707107, -7.27951e-08, -7.27951e-08, 0.707107)
bones/44/position = Vector3(0.513182, 0.839757, 0.11844)
bones/44/rotation = Quaternion(0.669631, 0.442474, 0.551558, 0.227145)
bones/45/position = Vector3(-0.453507, 0.906761, -0.68886)
bones/45/rotation = Quaternion(-0.707107, -7.27951e-08, -7.27951e-08, 0.707107)
bones/46/position = Vector3(-0.513182, 0.839757, 0.11844)
bones/46/rotation = Quaternion(-0.669631, 0.442474, 0.551558, -0.227145)

[node name="Knife_Offhand" parent="Rogue_Hooded/Rig/Skeleton3D" index="0"]
transform = Transform3D(-0.342019, 2.44827e-07, 0.939692, 0.80186, 0.521384, 0.291853, -0.48994, 0.853321, -0.178324, 0.540024, 0.784976, 0.243849)

[node name="1H_Crossbow" parent="Rogue_Hooded/Rig/Skeleton3D" index="1"]
transform = Transform3D(0.939692, -3.52361e-07, -0.342019, -0.291853, 0.521384, -0.80186, 0.178324, 0.853322, 0.48994, -0.516563, 0.867641, 0.160786)

[node name="2H_Crossbow" parent="Rogue_Hooded/Rig/Skeleton3D" index="2"]
transform = Transform3D(0.939692, -3.52361e-07, -0.342019, -0.291853, 0.521384, -0.80186, 0.178324, 0.853322, 0.48994, -0.516563, 0.867641, 0.160786)

[node name="Knife" parent="Rogue_Hooded/Rig/Skeleton3D" index="3"]
transform = Transform3D(0.342019, -2.08545e-08, 0.939692, 0.80186, 0.521384, -0.291853, -0.489941, 0.853322, 0.178324, -0.552348, 0.789145, 0.220887)

[node name="Throwable" parent="Rogue_Hooded/Rig/Skeleton3D" index="4"]
transform = Transform3D(0.342019, -1.27835e-07, 0.939692, 0.80186, 0.521384, -0.291853, -0.489941, 0.853321, 0.178324, -0.552348, 0.883122, 0.374695)

[node name="Rogue_Cape" parent="Rogue_Hooded/Rig/Skeleton3D" index="5"]
transform = Transform3D(0.965926, 0.049385, 0.254064, 0.0799795, 0.876629, -0.474474, -0.246152, 0.478626, 0.842809, 0.0305314, 1.23196, 0.3032)

[node name="CollisionShape3D" type="CollisionShape3D" parent="."]
shape = SubResource("CapsuleShape3D_ts3nc")

[node name="BTPlayer" type="BTPlayer" parent="."]
behavior_tree = ExtResource("2_3dmnx")
blackboard_plan = SubResource("BlackboardPlan_3dmnx")

[node name="RunningSoundEffect" type="AudioStreamPlayer3D" parent="."]
transform = Transform3D(1, 0, 0, 0, 1, 0, 0, 0, 1, 0, -1.05371, 0)
stream = ExtResource("4_8u8v4")
autoplay = true

[editable path="Rogue_Hooded"]
