[gd_scene load_steps=7 format=3 uid="uid://1qqdhqh4c8jl"]

[ext_resource type="Script" uid="uid://cyjmh2f8qcdg7" path="res://entities/ai_runner/ai_runner.gd" id="1_20ait"]
[ext_resource type="BehaviorTree" uid="uid://cyslk348qobi4" path="res://entities/ai_runner/trees/ai_runner.tres" id="2_3dmnx"]
[ext_resource type="PackedScene" uid="uid://rfj28u26q5g7" path="res://entities/ai_runner/art/Rogue_Hooded.glb" id="2_urf2w"]
[ext_resource type="AudioStream" uid="uid://2qgt43lomn87" path="res://entities/ai_runner/art/running-on-concrete.ogg" id="4_8u8v4"]

[sub_resource type="CapsuleShape3D" id="CapsuleShape3D_ts3nc"]
radius = 0.6
height = 2.4

[sub_resource type="BlackboardPlan" id="BlackboardPlan_3dmnx"]

[node name="AiRunner" type="CharacterBody3D" node_paths=PackedStringArray("bt_player")]
collision_layer = 2
collision_mask = 5
script = ExtResource("1_20ait")
bt_player = NodePath("BTPlayer")

[node name="Rogue_Hooded" parent="." instance=ExtResource("2_urf2w")]
transform = Transform3D(-0.8, 0, -1.20797e-07, 0, 0.95, 0, 1.20797e-07, 0, -0.8, 0, -0.920819, 0)

[node name="Skeleton3D" parent="Rogue_Hooded/Rig" index="0"]
bones/1/position = Vector3(0, 0.417159, 0)
bones/1/rotation = Quaternion(0.0958458, -1.1866e-07, 1.14257e-08, 0.995396)
bones/2/rotation = Quaternion(0, 0.128128, -0.0249056, 0.991445)
bones/3/rotation = Quaternion(-3.72529e-09, 7.45058e-09, -9.31322e-10, 1)
bones/4/position = Vector3(0.212007, 0.124592, -0.0490813)
bones/4/rotation = Quaternion(-0.821422, -0.181808, -0.176867, 0.510812)
bones/5/rotation = Quaternion(1.20829e-08, -5.66777e-08, -0.433814, 0.901002)
bones/7/rotation = Quaternion(-0.476447, 0.275308, 0.166072, 0.818306)
bones/8/position = Vector3(8.34822e-10, 0.0961251, -0.0575)
bones/8/rotation = Quaternion(-0.029139, -0.0798474, -0.833941, 0.545268)
bones/10/position = Vector3(-0.212007, 0.143673, 0.0490814)
bones/10/rotation = Quaternion(-0.795086, 0.168455, 0.391158, 0.431807)
bones/11/rotation = Quaternion(3.41133e-08, 4.45133e-08, 0.591449, 0.806342)
bones/13/rotation = Quaternion(-0.124584, 0.455198, 0.173448, 0.864401)
bones/14/position = Vector3(-8.34815e-10, 0.0961251, -0.0575)
bones/14/rotation = Quaternion(-0.0545054, -0.0545054, 0.539162, 0.838667)
bones/19/rotation = Quaternion(2.9355e-09, -0.128128, 0.0249056, 0.991445)
bones/21/position = Vector3(0.170945, 0.113587, 0.1)
bones/21/rotation = Quaternion(0.874061, -7.84784e-08, 3.79741e-08, 0.485815)
bones/22/rotation = Quaternion(0.219086, 6.73661e-08, -1.52149e-07, 0.975706)
bones/23/rotation = Quaternion(-0.60179, -3.588e-08, -2.85278e-08, 0.798655)
bones/24/rotation = Quaternion(-3.04797e-08, 0.920355, -0.391084, 6.94848e-08)
bones/25/position = Vector3(-0.170945, 0.113587, -0.1)
bones/25/rotation = Quaternion(0.999892, 3.07848e-07, 3.12556e-08, 0.0146708)
bones/26/rotation = Quaternion(0.675133, -5.09332e-08, 4.6886e-07, 0.737696)
bones/27/rotation = Quaternion(-0.217646, 1.74856e-07, -2.97634e-07, 0.976028)
bones/28/rotation = Quaternion(3.04797e-08, 0.920355, -0.391084, -6.94849e-08)
bones/29/rotation = Quaternion(0.707107, -2.29302e-07, -4.60551e-08, 0.707107)
bones/30/position = Vector3(0.170945, 0.350856, 0.598769)
bones/30/rotation = Quaternion(-0.94525, -2.97621e-08, -9.707e-08, 0.326347)
bones/31/rotation = Quaternion(7.54953e-15, -1.38321e-22, 1, 4.44089e-16)
bones/32/position = Vector3(3.75295e-09, 0.213436, -4.29078e-08)
bones/32/rotation = Quaternion(-1.04035e-07, 0.391084, 0.920355, -2.95261e-08)
bones/34/rotation = Quaternion(1, -1.33227e-15, 1.94707e-07, 0)
bones/36/rotation = Quaternion(0.707107, -3.82385e-08, 1.45009e-07, 0.707107)
bones/37/position = Vector3(-0.170945, 0.138444, -0.475788)
bones/37/rotation = Quaternion(0.200462, -1.03035e-07, 2.53118e-08, 0.979702)
bones/38/position = Vector3(4.55695e-09, 0.362833, 2.42861e-15)
bones/38/rotation = Quaternion(7.10544e-15, -1.38321e-22, 1, -2.22045e-16)
bones/39/position = Vector3(-1.11482e-08, 0.213436, 2.14539e-08)
bones/39/rotation = Quaternion(-1.04035e-07, 0.391084, 0.920355, -2.95261e-08)
bones/40/position = Vector3(-6.31127e-09, 0.16565, 5.98178e-10)
bones/41/rotation = Quaternion(1, 4.44087e-16, 1.94707e-07, 1.54616e-29)
bones/43/position = Vector3(0.453508, 0.906761, -0.688859)
bones/43/rotation = Quaternion(-0.707107, -7.27951e-08, -7.27951e-08, 0.707107)
bones/44/position = Vector3(0.513182, 1.00676, -0.3)
bones/44/rotation = Quaternion(0.778964, -0.0841609, 0.564492, -0.259773)
bones/45/position = Vector3(-0.453507, 0.906761, -0.68886)
bones/45/rotation = Quaternion(-0.707107, -7.27951e-08, -7.27951e-08, 0.707107)
bones/46/position = Vector3(-0.513182, 0.906761, 0.3)
bones/46/rotation = Quaternion(-0.625361, 0.524019, 0.474767, -0.330037)

[node name="Knife_Offhand" parent="Rogue_Hooded/Rig/Skeleton3D" index="0"]
transform = Transform3D(-0.162162, 0.348533, 0.923161, 0.983191, -0.0224722, 0.181191, 0.0838964, 0.937027, -0.33903, 0.541186, 0.895951, -0.367136)

[node name="1H_Crossbow" parent="Rogue_Hooded/Rig/Skeleton3D" index="1"]
transform = Transform3D(0.939692, -3.22559e-07, -0.342019, -0.221686, 0.761497, -0.609079, 0.260447, 0.648168, 0.715572, -0.505109, 0.908678, 0.373513)

[node name="2H_Crossbow" parent="Rogue_Hooded/Rig/Skeleton3D" index="2"]
transform = Transform3D(0.939692, -3.22559e-07, -0.342019, -0.221686, 0.761497, -0.609079, 0.260447, 0.648168, 0.715572, -0.505109, 0.908678, 0.373513)

[node name="Knife" parent="Rogue_Hooded/Rig/Skeleton3D" index="3"]
transform = Transform3D(0.342019, 8.94784e-09, 0.939692, 0.609079, 0.761497, -0.221686, -0.715572, 0.648168, 0.260447, -0.540894, 0.852839, 0.455097)

[node name="Throwable" parent="Rogue_Hooded/Rig/Skeleton3D" index="4"]
transform = Transform3D(0.342019, -9.8033e-08, 0.939692, 0.609079, 0.761497, -0.221686, -0.715572, 0.648168, 0.260447, -0.540894, 0.990096, 0.571926)

[node name="Rogue_Cape" parent="Rogue_Hooded/Rig/Skeleton3D" index="5"]
transform = Transform3D(0.965926, 0.049385, 0.254064, 3.82678e-08, 0.981627, -0.190809, -0.258819, 0.184307, 0.948179, 0.0305314, 1.21248, 0.150576)

[node name="CollisionShape3D" type="CollisionShape3D" parent="."]
shape = SubResource("CapsuleShape3D_ts3nc")

[node name="BTPlayer" type="BTPlayer" parent="."]
behavior_tree = ExtResource("2_3dmnx")
blackboard_plan = SubResource("BlackboardPlan_3dmnx")

[node name="RunningSoundEffect" type="AudioStreamPlayer3D" parent="."]
transform = Transform3D(1, 0, 0, 0, 1, 0, 0, 0, 1, 0, -1.05371, 0)
stream = ExtResource("4_8u8v4")
autoplay = true

[editable path="Rogue_Hooded"]
