[gd_scene load_steps=7 format=3 uid="uid://1qqdhqh4c8jl"]

[ext_resource type="Script" uid="uid://cyjmh2f8qcdg7" path="res://entities/ai_runner/ai_runner.gd" id="1_20ait"]
[ext_resource type="BehaviorTree" uid="uid://cyslk348qobi4" path="res://entities/ai_runner/trees/ai_runner.tres" id="2_3dmnx"]
[ext_resource type="PackedScene" uid="uid://rfj28u26q5g7" path="res://entities/ai_runner/art/Rogue_Hooded.glb" id="2_urf2w"]
[ext_resource type="AudioStream" uid="uid://2qgt43lomn87" path="res://entities/ai_runner/art/running-on-concrete.ogg" id="4_8u8v4"]

[sub_resource type="CapsuleShape3D" id="CapsuleShape3D_ts3nc"]
radius = 0.6
height = 2.4

[sub_resource type="BlackboardPlan" id="BlackboardPlan_3dmnx"]

[node name="AiRunner" type="CharacterBody3D" node_paths=PackedStringArray("bt_player")]
collision_layer = 2
collision_mask = 5
script = ExtResource("1_20ait")
bt_player = NodePath("BTPlayer")

[node name="Rogue_Hooded" parent="." instance=ExtResource("2_urf2w")]
transform = Transform3D(-0.8, 0, -1.20797e-07, 0, 0.95, 0, 1.20797e-07, 0, -0.8, 0, -0.920819, 0)

[node name="Skeleton3D" parent="Rogue_Hooded/Rig" index="0"]
bones/1/position = Vector3(0, 0.392064, 0)
bones/1/rotation = Quaternion(-1.11123e-10, 0.0431578, 2.57241e-09, 0.999068)
bones/2/rotation = Quaternion(-6.93889e-18, 7.10543e-15, 4.93038e-32, 1)
bones/3/rotation = Quaternion(8.27181e-25, 3.72529e-09, -2.75506e-40, 1)
bones/4/position = Vector3(0.212007, 0.134132, 7.92996e-08)
bones/4/rotation = Quaternion(-0.559906, -0.0608803, -0.643974, 0.517779)
bones/5/rotation = Quaternion(3.65498e-08, -4.88301e-08, -0.494719, 0.869053)
bones/7/rotation = Quaternion(-0.321065, -0.325319, 0.145726, 0.87741)
bones/8/position = Vector3(8.34843e-10, 0.0961252, -0.0575)
bones/8/rotation = Quaternion(-3.6586e-09, 6.87811e-09, -0.707107, 0.707107)
bones/10/position = Vector3(-0.212007, 0.134132, 8.6814e-08)
bones/10/rotation = Quaternion(-0.618244, 0.0807287, 0.618012, 0.478873)
bones/11/rotation = Quaternion(2.09853e-08, 5.12855e-08, 0.517939, 0.855417)
bones/13/rotation = Quaternion(-0.319291, 0.300524, -0.22735, 0.869512)
bones/14/position = Vector3(-1.5736e-08, 0.0961251, -0.0575)
bones/14/rotation = Quaternion(-1.02444e-09, -4.24391e-09, 0.707107, 0.707107)
bones/19/rotation = Quaternion(-5.8061e-11, -0.0313416, -1.88013e-09, 0.999509)
bones/21/position = Vector3(0.170945, 0.113587, 1.59941e-08)
bones/21/rotation = Quaternion(0.996185, 0.0479136, 0.0566427, -0.045939)
bones/22/rotation = Quaternion(0.165014, 6.49414e-08, -1.11408e-07, 0.986291)
bones/23/rotation = Quaternion(-0.533729, -0.260895, -1.72985e-05, 0.804405)
bones/24/rotation = Quaternion(-2.32092e-08, 0.920355, -0.391084, 7.25743e-08)
bones/25/position = Vector3(-0.170945, 0.113587, 1.55755e-08)
bones/25/rotation = Quaternion(0.997322, -0.0294574, 0.0315293, 0.0590483)
bones/26/rotation = Quaternion(0.274008, -6.38135e-08, 1.92761e-07, 0.961727)
bones/27/rotation = Quaternion(-0.559039, 0.114513, -0.00862763, 0.82115)
bones/28/rotation = Quaternion(3.03597e-08, 0.920355, -0.391084, -6.95338e-08)
bones/29/rotation = Quaternion(0.707107, -2.29302e-07, -4.60551e-08, 0.707107)
bones/30/position = Vector3(0.213918, 0.0259903, 0.173866)
bones/30/rotation = Quaternion(-0.705092, 0.0533355, 0.0533355, 0.705092)
bones/31/rotation = Quaternion(9.65792e-09, 1.77955e-09, 0.985719, -0.168398)
bones/32/position = Vector3(-1.11482e-08, 0.213436, -5.36347e-09)
bones/32/rotation = Quaternion(-1.10961e-07, 0.391084, 0.920355, -2.67919e-08)
bones/33/position = Vector3(-6.31128e-09, 0.16565, -7.10267e-09)
bones/34/rotation = Quaternion(1, -8.27364e-11, 1.94627e-07, -7.45058e-09)
bones/36/rotation = Quaternion(0.707107, -3.82385e-08, 1.45009e-07, 0.707107)
bones/37/rotation = Quaternion(-0.707107, -7.05285e-08, -7.05285e-08, 0.707107)
bones/38/rotation = Quaternion(-5.83589e-09, 6.43837e-10, 0.994809, 0.101756)
bones/39/position = Vector3(-1.11482e-08, 0.213436, -2.50942e-15)
bones/39/rotation = Quaternion(-1.05796e-07, 0.391084, 0.920355, -2.58643e-08)
bones/40/position = Vector3(-6.31128e-09, 0.16565, 2.70695e-09)
bones/41/rotation = Quaternion(1, 3.76526e-09, 1.94879e-07, 7.45058e-09)
bones/43/rotation = Quaternion(-0.707107, -7.27951e-08, -7.27951e-08, 0.707107)
bones/44/position = Vector3(0.520841, 0.788312, -0.0576373)
bones/44/rotation = Quaternion(0.794627, -1.11759e-07, 0.607098, -5.96046e-08)
bones/45/rotation = Quaternion(-0.707107, -7.27951e-08, -7.27951e-08, 0.707107)
bones/46/position = Vector3(-0.510844, 0.788312, 0.0597369)
bones/46/rotation = Quaternion(-0.758253, -1.52737e-07, 0.651961, -1.11759e-08)

[node name="Knife_Offhand" parent="Rogue_Hooded/Rig/Skeleton3D" index="0"]
transform = Transform3D(4.18024e-07, 0.262863, 0.964832, 0.999999, -3.99356e-07, -9.13908e-08, 4.9995e-07, 0.964833, -0.262863, 0.507764, 0.636705, -0.0185363)

[node name="1H_Crossbow" parent="Rogue_Hooded/Rig/Skeleton3D" index="1"]
transform = Transform3D(0.988701, -0.149894, 4.29265e-07, 8.4854e-08, -2.79322e-07, -0.999999, 0.149895, 0.988701, -6.49041e-07, -0.489506, 0.745658, 0.0963389)

[node name="2H_Crossbow" parent="Rogue_Hooded/Rig/Skeleton3D" index="2"]
transform = Transform3D(0.988701, -0.149894, 4.29265e-07, 8.4854e-08, -2.79322e-07, -0.999999, 0.149895, 0.988701, -6.49041e-07, -0.489506, 0.745658, 0.0963389)

[node name="Knife" parent="Rogue_Hooded/Rig/Skeleton3D" index="3"]
transform = Transform3D(-4.25085e-07, -0.149894, 0.988701, 0.999999, -1.31135e-07, 1.03093e-07, 4.99794e-07, 0.988701, 0.149894, -0.491059, 0.64103, 0.10658)

[node name="Throwable" parent="Rogue_Hooded/Rig/Skeleton3D" index="4"]
transform = Transform3D(-4.09345e-07, -0.149894, 0.988701, 0.999999, -1.16402e-07, 8.9407e-08, 4.87279e-07, 0.988701, 0.149894, -0.518076, 0.64103, 0.28479)

[node name="Rogue_Cape" parent="Rogue_Hooded/Rig/Skeleton3D" index="5"]
transform = Transform3D(0.996275, -5.14962e-09, 0.0862353, 5.13043e-09, 1, 4.44077e-10, -0.0862353, 1.88007e-15, 0.996275, -4.17227e-09, 1.20227, 1.52591e-15)

[node name="CollisionShape3D" type="CollisionShape3D" parent="."]
shape = SubResource("CapsuleShape3D_ts3nc")

[node name="BTPlayer" type="BTPlayer" parent="."]
behavior_tree = ExtResource("2_3dmnx")
blackboard_plan = SubResource("BlackboardPlan_3dmnx")

[node name="RunningSoundEffect" type="AudioStreamPlayer3D" parent="."]
transform = Transform3D(1, 0, 0, 0, 1, 0, 0, 0, 1, 0, -1.05371, 0)
stream = ExtResource("4_8u8v4")

[editable path="Rogue_Hooded"]
